0.128635
0.006288
0.003395
0.002222
0.001837
0.001098
0.001166
0.001355
0.001514
0.001478
0.001091
0.001618
0.001237
0.000726
0.001668
0.001187
0.000991
0.001800
0.001294
0.000561
0.001176
0.000931
0.000690
0.000517
0.000662
0.000899
0.001442
0.000922
0.001489
0.001230
0.000898
0.000786
0.001274
0.000814
0.000994
0.000727
0.000969
0.000562
0.000818
0.000743
0.000722
0.001278
0.001190
0.001102
0.000491
0.000873
0.001209
0.000812
0.000729
0.000658
0.001146
0.000923
0.001138
0.000647
0.000844
0.001288
0.000443
0.001142
0.000710
0.000856
0.000400
0.000966
0.000978
0.001012
0.000746
0.000596
0.000725
0.000487
0.001158
0.000827
0.001099
0.000896
0.001051
0.001224
0.001693
0.001161
0.000457
0.001203
0.001298
0.000503
0.001188
0.001358
0.001654
0.000788
0.000936
0.001066
0.000708
0.001154
0.001141
0.001034
0.000733
0.000827
0.001046
0.001530
0.001092
0.001083
0.000654
0.001099
0.000935
0.000938
0.001495
0.000672
0.000750
0.000968
0.000656
0.000788
0.001203
0.000668
0.001019
0.000631
0.001171
0.000768
0.001031
0.001026
0.001504
0.001166
0.001179
0.001483
0.001031
0.001046
0.001242
0.000957
0.000878
0.001309
0.001947
0.001323
0.001143
0.000597
0.000946
0.000929
0.000869
0.001769
0.000885
0.001496
0.001168
0.000737
0.001269
0.001635
0.001059
0.001773
0.002333
0.001354
0.004190
0.001327
0.001874
0.001584
0.003020
0.001739
0.000900
0.001455
0.002369
0.002773
0.001392
0.001698
0.001156
0.002329
0.002139
0.002073
0.001597
0.003830
0.002379
0.001448
0.002155
0.002669
0.001739
0.003092
0.001864
0.002573
0.003338
0.001843
0.002181
0.003242
0.003778
0.003097
0.003135
0.001923
0.003079
0.004755
0.001921
0.003658
0.002802
0.002174
0.003692
0.002709
0.001758
0.002507
0.002406
0.002542
0.001467
0.003043
0.003160
0.002436
0.004531
0.003524
0.003400
0.003174
0.002616
0.002040
0.002545
0.003375
