0.124603
0.006505
0.002892
0.001523
0.000921
0.001362
0.000533
0.000441
0.000573
0.000341
0.000509
0.000519
0.000353
0.000559
0.000723
0.000550
0.000520
0.000488
0.000272
0.000325
0.000532
0.000340
0.000371
0.000286
0.000389
0.000425
0.000295
0.000569
0.000387
0.000475
0.000458
0.000475
0.000462
0.000627
0.000691
0.000998
0.000558
0.000312
0.001177
0.000512
0.000484
0.000331
0.000316
0.000343
0.000400
0.000480
0.000374
0.000319
0.000558
0.000298
0.000249
0.000412
0.000765
0.000612
0.000209
0.000679
0.000418
0.000335
0.000909
0.000545
0.000510
0.000238
0.000759
0.000597
0.000312
0.000592
0.000298
0.000424
0.000456
0.000230
0.000299
0.000477
0.000739
0.000307
0.000568
0.000501
0.000275
0.000561
0.000343
0.000318
0.000500
0.000583
0.000368
0.000321
0.000573
0.000411
0.000277
0.000265
0.000428
0.000352
0.000394
0.000632
0.000311
0.000499
0.000297
0.000629
0.000502
0.000349
0.000284
0.000299
0.000372
0.000197
0.000522
0.000313
0.000280
0.000466
0.000203
0.000447
0.000359
0.000544
0.000554
0.000449
0.000568
0.000385
0.000337
0.000626
0.000255
0.000408
0.000593
0.000282
0.000311
0.000333
0.000346
0.000157
0.000501
0.000962
0.000547
0.000473
0.000159
0.000547
0.000420
0.000381
0.000720
0.000303
0.000332
0.000177
0.000368
0.000683
0.000583
0.000858
0.000608
0.000794
0.000542
0.000618
0.000464
0.000286
0.000858
0.000951
0.000881
0.000710
0.000307
0.001165
0.000596
0.001463
0.000632
0.000584
0.000701
0.000438
0.001659
0.000368
0.000595
0.000474
0.000760
0.000515
0.000619
0.001085
0.000715
0.000540
0.000860
0.000274
0.001551
0.000238
0.000545
0.000409
0.001134
0.000911
0.002010
0.000658
0.001041
0.001201
0.000493
0.000360
0.000380
0.000497
0.000409
0.000686
0.000364
0.000835
0.000734
0.000625
0.000811
0.000517
0.000604
0.000553
0.000868
0.000448
0.000899
0.000299
0.000462
0.000673
