0.125736
0.009354
0.008407
0.007799
0.007043
0.006596
0.006417
0.004868
0.006023
0.005215
0.005451
0.005797
0.005402
0.005972
0.005052
0.005188
0.005075
0.004475
0.004795
0.004339
0.005437
0.004408
0.004940
0.004011
0.004506
0.004618
0.004805
0.003693
0.004318
0.003223
0.004357
0.003474
0.004541
0.004227
0.003488
0.003840
0.003587
0.003064
0.003534
0.003410
0.004106
0.003549
0.004157
0.003385
0.003518
0.003450
0.003807
0.003046
0.003534
0.003211
0.003898
0.003536
0.004792
0.006386
0.003169
0.003320
0.003486
0.003333
0.003815
0.003576
0.002993
0.003737
0.003474
0.003620
0.003739
0.003349
0.003811
0.004408
0.004300
0.003639
0.003287
0.003967
0.003425
0.003460
0.003836
0.003722
0.003562
0.004423
0.003279
0.004413
0.003935
0.002883
0.003085
0.003752
0.003065
0.004025
0.004743
0.004098
0.003787
0.003647
0.004158
0.003293
0.004775
0.004796
0.003107
0.004202
0.003050
0.003855
0.003579
0.004600
0.004175
0.004140
0.004023
0.004420
0.003393
0.003802
0.002969
0.004180
0.004034
0.003984
0.003288
0.003965
0.002962
0.003303
0.003606
0.003150
0.004565
0.003561
0.003119
0.003726
0.003351
0.005527
0.002882
0.003712
0.002997
0.002776
0.004450
0.002895
0.003224
0.004839
0.003196
0.002956
0.003786
0.004283
0.004638
0.003788
0.004385
0.003688
0.005106
0.002891
0.004492
0.004104
0.003725
0.005480
0.005563
0.004562
0.003972
0.005656
0.004523
0.004150
0.004265
0.004203
0.003939
0.004498
0.003993
0.004518
0.004518
0.003339
0.006230
0.004889
0.011677
0.004235
0.005481
0.004804
0.006179
0.009196
0.003029
0.004362
0.006217
0.005494
0.003414
0.003999
0.004172
0.004033
0.004424
0.004588
0.003400
0.004797
0.003965
0.005828
0.005906
0.007581
0.005658
0.005400
0.005059
0.004279
0.004504
0.003690
0.004847
0.003930
0.006716
0.005103
0.008024
0.005897
0.006141
0.004522
0.006174
0.006594
0.004712
0.004308
