0.136728
0.012736
0.004836
0.002813
0.001500
0.001199
0.000788
0.000599
0.000601
0.000619
0.000292
0.000376
0.000643
0.000782
0.000645
0.000321
0.000525
0.000567
0.000983
0.000457
0.000835
0.000479
0.000456
0.000568
0.000404
0.000347
0.000443
0.000541
0.000386
0.000294
0.000397
0.000268
0.000423
0.000358
0.000375
0.000357
0.000441
0.000276
0.000256
0.000807
0.000379
0.000373
0.000286
0.000240
0.000339
0.000308
0.000397
0.000294
0.000581
0.000315
0.000261
0.000385
0.000397
0.000325
0.000322
0.000274
0.000256
0.000204
0.000326
0.000189
0.000210
0.000385
0.000188
0.000198
0.000365
0.000244
0.000275
0.000557
0.000224
0.000183
0.000222
0.000193
0.000182
0.000150
0.000158
0.000179
0.000176
0.000152
0.000195
0.000181
0.000202
0.000209
0.000190
0.000179
0.000216
0.000133
0.000168
0.000245
0.000166
0.000119
0.000125
0.000215
0.000124
0.000222
0.000119
0.000135
0.000144
0.000245
0.000225
0.000306
0.000107
0.000162
0.000154
0.000166
0.000168
0.000176
0.000148
0.000167
0.000124
0.000121
0.000097
0.000165
0.000185
0.000115
0.000133
0.000132
0.000140
0.000142
0.000160
0.000133
0.000134
0.000150
0.000122
0.000170
0.000132
0.000195
0.000117
0.000185
0.000132
0.000137
0.000103
0.000124
0.000099
0.000085
0.000245
0.000227
0.000146
0.000173
0.000096
0.000088
0.000113
0.000152
0.000139
0.000131
0.000000
0.000000
0.000000
0.000000
0.000000
0.000000
0.000000
0.000000
0.000000
0.000000
0.000000
0.000000
0.000000
0.000000
0.000000
0.000000
0.000000
0.000000
0.000000
0.000000
0.000000
0.000000
0.000000
0.000000
0.000000
0.000000
0.000000
0.000000
0.000000
0.000000
0.000000
0.000000
0.000000
0.000000
0.000000
0.000000
0.000000
0.000000
0.000000
0.000000
0.000000
0.000000
0.000000
0.000000
0.000000
0.000000
0.000000
0.000000
0.000000
0.000000
0.000000
0.000000
0.000000
0.000000
0.000000
0.000000
